{
  "advancedEditorSelectedIdentifier" : "ProjectBrowser",
  "openSceneRelativePaths" : [
    "World.usda"
  ],
  "recentIdentifiers" : {
    "2075884B-D127-4458-87B2-475B7B399065" : [

    ],
    "AF3680C1-CA75-492D-AB59-525E97BC01D6" : [

    ]
  },
  "sceneCameraHistory" : {
    "AF3680C1-CA75-492D-AB59-525E97BC01D6" : [
      {
        "date" : 806230455.343164,
        "title" : "Untitled",
        "transform" : [
          0.99912363,
          1.8347466e-08,
          0.041856717,
          0,
          0.021707188,
          0.85501236,
          -0.5181529,
          0,
          -0.035788044,
          0.51860744,
          0.8542631,
          0,
          -0.2954413,
          0.7155968,
          1.1287237,
          1
        ]
      },
      {
        "date" : 806230438.619243,
        "title" : "Untitled",
        "transform" : [
          0.6743823,
          5.309571e-08,
          -0.7383823,
          0,
          -0.40626797,
          0.8350241,
          -0.37105423,
          0,
          0.61656696,
          0.5502136,
          0.5631255,
          0,
          0.62290823,
          0.5290451,
          0.37290972,
          1
        ]
      },
      {
        "date" : 806230429.519109,
        "title" : "Untitled",
        "transform" : [
          0.40921107,
          5.302538e-08,
          -0.9124397,
          0,
          -0.49263358,
          0.8417241,
          -0.22093627,
          0,
          0.76802236,
          0.5399081,
          0.34444278,
          0,
          0.7108199,
          0.5668446,
          0.09632328,
          1
        ]
      },
      {
        "date" : 806230425.907999,
        "title" : "Untitled",
        "transform" : [
          0.40921107,
          5.302538e-08,
          -0.9124397,
          0,
          -0.49263358,
          0.8417241,
          -0.22093627,
          0,
          0.76802224,
          0.53990805,
          0.34444275,
          0,
          0.72507095,
          0.5312936,
          0.12027294,
          1
        ]
      },
      {
        "date" : 806230423.442911,
        "title" : "Untitled",
        "transform" : [
          0.24419424,
          5.2049703e-08,
          -0.96972644,
          0,
          -0.45653796,
          0.8822451,
          -0.114964224,
          0,
          0.8555363,
          0.47079062,
          0.21543913,
          0,
          0.77397084,
          0.47268483,
          0.002097458,
          1
        ]
      },
      {
        "date" : 806230418.610586,
        "title" : "Untitled",
        "transform" : [
          0.8162793,
          5.486133e-08,
          -0.5776575,
          0,
          -0.42661858,
          0.6742186,
          -0.60284823,
          0,
          0.38946733,
          0.73853207,
          0.5503505,
          0,
          0.3147056,
          0.6473811,
          0.5168857,
          1
        ]
      },
      {
        "date" : 806230406.250829,
        "title" : "Untitled",
        "transform" : [
          0.8162793,
          5.486133e-08,
          -0.5776575,
          0,
          -0.42661858,
          0.6742186,
          -0.60284823,
          0,
          0.38946733,
          0.73853207,
          0.5503505,
          0,
          0.59057707,
          1.2148764,
          0.96998847,
          1
        ]
      },
      {
        "date" : 806230380.313283,
        "title" : "Untitled",
        "transform" : [
          0.8162793,
          5.486133e-08,
          -0.5776575,
          0,
          -0.42661858,
          0.6742186,
          -0.60284823,
          0,
          0.38946733,
          0.73853207,
          0.5503505,
          0,
          0.17833233,
          0.46076876,
          0.31800565,
          1
        ]
      },
      {
        "date" : 806230373.107454,
        "title" : "Untitled",
        "transform" : [
          0.8162793,
          5.486133e-08,
          -0.5776575,
          0,
          -0.42661858,
          0.6742186,
          -0.60284823,
          0,
          0.38946733,
          0.73853207,
          0.5503505,
          0,
          0.17292213,
          0.44679007,
          0.30835807,
          1
        ]
      },
      {
        "date" : 806230354.31882,
        "title" : "Untitled",
        "transform" : [
          0.99788916,
          5.388968e-08,
          -0.064941004,
          0,
          -0.03941731,
          0.7947247,
          -0.60568887,
          0,
          0.051610183,
          0.60697025,
          0.793047,
          0,
          -0.009269017,
          0.37720105,
          0.42689762,
          1
        ]
      }
    ]
  },
  "sceneViewportBackgroundColors" : {

  },
  "selectedSceneRelativePath" : "World.usda"
}